     0/199     2.44G    0.0728    0.0147   0.03306    0.1206        36       640   0.07192    0.1156   0.06238   0.01897   0.09225   0.01767   0.03352
     1/199     11.9G   0.05534   0.01143   0.02488   0.09165        22       640    0.4249    0.5658    0.3596    0.1465   0.07918   0.01491   0.02805
     2/199     17.9G    0.0506  0.009038   0.01836     0.078        45       640    0.5633    0.5214    0.5175    0.2032   0.07938   0.01322    0.0234
     3/199     17.9G   0.04826     0.008   0.01398   0.07024        39       640    0.5975    0.7059    0.6515    0.2984   0.07372   0.01284   0.02084
     4/199       18G    0.0451  0.007362    0.0103   0.06276        35       640    0.7731    0.6705    0.6936    0.3326   0.07166   0.01223   0.02027
     5/199       18G   0.04129   0.00662  0.008426   0.05634        38       640    0.7446     0.773    0.7478    0.4047    0.0689   0.01233   0.01855
     6/199       18G   0.03937  0.006487  0.007293   0.05315        20       640     0.781    0.6622    0.6914    0.2798   0.06726    0.0129   0.01801
     7/199       18G   0.03925  0.006003  0.005812   0.05106        43       640     0.728    0.8038    0.7266    0.3806   0.06466   0.01206   0.01724
     8/199       18G   0.03551  0.005896  0.004984   0.04639        23       640    0.8818     0.784    0.8437    0.5248    0.0616   0.01195    0.0166
     9/199       18G   0.03276   0.00558  0.004563    0.0429        28       640    0.7596    0.8914    0.8646    0.5593   0.06675   0.01072   0.01587
    10/199       18G   0.03153  0.005238  0.003992   0.04076        27       640    0.8705    0.7531    0.8334    0.5451    0.0661    0.0109   0.01587
    11/199       18G   0.03184  0.005254  0.003873   0.04097        25       640    0.8407    0.8636    0.9015    0.5942   0.06506   0.01122    0.0154
    12/199       18G   0.03267   0.00533  0.003873   0.04187        28       640    0.7666    0.9177    0.8678    0.6213   0.06189   0.01181   0.01519
    13/199       18G   0.03145  0.005365  0.003572   0.04039        27       640    0.8575     0.836     0.856    0.5736   0.06126   0.01237   0.01504
    14/199       18G   0.03112  0.005327  0.003624   0.04007        33       640    0.8406    0.8694    0.8756    0.5932   0.06122   0.01237   0.01433
    15/199       18G   0.03148  0.005487  0.003914   0.04088        34       640    0.7706    0.8787    0.8637    0.5824   0.06196   0.01199   0.01345
    16/199       18G   0.03042   0.00547  0.003613    0.0395        30       640    0.8114    0.8199    0.8618    0.5815   0.06253   0.01121   0.01292
    17/199       18G   0.03021  0.005227  0.003909   0.03935         9       640    0.8898     0.794     0.878     0.574   0.05887   0.01257   0.01362
    18/199       18G   0.02985  0.005443  0.003322   0.03862        26       640    0.7983    0.9058    0.8925    0.6238   0.05519    0.0126   0.01268
    19/199       18G   0.02903  0.005449  0.002687   0.03716        41       640    0.8728    0.8297     0.866    0.5917   0.05573   0.01237   0.01259
    20/199       18G   0.02905  0.005417  0.003227    0.0377        30       640    0.8197    0.8364    0.8862    0.6206    0.0533   0.01281   0.01208
    21/199       18G   0.02817   0.00539  0.002648   0.03621        40       640    0.8629    0.9183    0.9127    0.6587   0.05118   0.01197   0.01109
    22/199       18G    0.0278  0.005522  0.002489   0.03581        43       640    0.8945    0.8767    0.9198    0.6382   0.05302   0.01208   0.01124
    23/199       18G   0.02776  0.005306  0.002672   0.03574        39       640    0.8936    0.8856    0.9043    0.6701   0.05015   0.01197   0.01072
    24/199       18G   0.02733  0.005098  0.002506   0.03494        21       640     0.849      0.92    0.9257    0.6599   0.04971   0.01225   0.01041
    25/199       18G   0.02738  0.005225  0.002202   0.03481        31       640    0.8535    0.8903    0.9007    0.6461   0.04941   0.01239    0.0101
    26/199       18G    0.0263  0.005331  0.002526   0.03416        37       640     0.833    0.9475    0.9254    0.6742   0.04864   0.01194   0.01032
    27/199       18G   0.02614  0.005317  0.002123   0.03358        34       640    0.8741      0.94    0.9421    0.6687   0.04918    0.0117   0.01002
    28/199       18G   0.02547  0.005054  0.001868   0.03239        30       640    0.8774    0.9375    0.9301    0.6703   0.04735   0.01227   0.00958
    29/199       18G   0.02545  0.004967  0.001794   0.03221        18       640    0.8917    0.9322     0.932    0.6679   0.05066   0.01131  0.009116
    30/199       18G     0.025  0.004931  0.001959   0.03189        18       640    0.8906    0.8987    0.9118    0.6759    0.0514   0.01136   0.00975
    31/199       18G   0.02544  0.004879  0.001809   0.03212        26       640     0.931    0.8915    0.9102    0.6681   0.05104   0.01112  0.009488
    32/199       18G    0.0246  0.005125  0.001766   0.03149        27       640    0.9091    0.8773    0.9039    0.6463   0.05071   0.01154  0.009289
    33/199       18G   0.02438  0.004826  0.001512   0.03072        32       640    0.9103    0.8672    0.8982    0.6578   0.04922   0.01194  0.009196
    34/199       18G   0.02467  0.004958  0.001648   0.03128        36       640    0.8551    0.9021    0.8905    0.6475   0.04863   0.01205  0.009282
    35/199       18G   0.02438   0.00487  0.001662   0.03091        33       640    0.8623    0.8499    0.8732    0.6315    0.0465   0.01225  0.009598
    36/199       18G   0.02414  0.004905  0.001473   0.03052        35       640    0.8872     0.837    0.8956    0.6505   0.04642   0.01254  0.009396
    37/199       18G   0.02355  0.004875  0.001406   0.02984        30       640    0.9296    0.8658    0.9266    0.6715   0.04606    0.0122  0.009103
    38/199       18G   0.02361  0.004825  0.001332   0.02977        20       640    0.9082    0.8631    0.9041    0.6684   0.04749   0.01177  0.009084
    39/199       18G   0.02421  0.004886  0.001591   0.03069        31       640    0.9043    0.8366    0.9021    0.6519   0.04692   0.01197  0.009111
    40/199       18G   0.02397  0.004906  0.001278   0.03016        17       640     0.916    0.8623    0.9085    0.6581   0.04648    0.0127   0.00912
    41/199       18G   0.02342  0.004769  0.001184   0.02938        35       640    0.9086    0.8723    0.9231     0.677   0.04551   0.01245  0.009262
    42/199       18G   0.02314  0.004699   0.00117   0.02901        30       640    0.8577    0.9276    0.9224    0.6783   0.04547   0.01221  0.008983
    43/199       18G   0.02266  0.004883  0.001411   0.02895        31       640    0.9016    0.9212    0.9451    0.7016   0.04538   0.01223   0.00852
    44/199       18G   0.02302  0.004759  0.001318    0.0291        33       640    0.8611    0.9243     0.925    0.6745   0.04531   0.01241  0.008573
    45/199       18G   0.02266  0.004472  0.001188   0.02832        34       640    0.9137    0.8876    0.9379    0.6815   0.04607    0.0123  0.008367
    46/199       18G   0.02259  0.004555  0.001061   0.02821        29       640    0.8998    0.8489    0.9167    0.6773   0.04475    0.0124  0.008423
    47/199       18G   0.02264  0.004642  0.001118    0.0284        47       640    0.8195    0.9143    0.9039     0.676   0.04476   0.01247  0.008627
    48/199       18G    0.0222  0.004477 0.0009121   0.02759        37       640    0.8377    0.9134    0.9106    0.6697   0.04513   0.01229  0.008593
    49/199       18G   0.02242    0.0045  0.001052   0.02798        23       640    0.8715    0.9071    0.9158    0.6764   0.04439   0.01264  0.009122
    50/199       18G   0.02233  0.004695  0.001148   0.02817        30       640      0.87    0.9151    0.9215    0.6794   0.04487   0.01262  0.008847
    51/199       18G   0.02252  0.004552  0.001057   0.02813        32       640    0.8558    0.8969    0.9152    0.6866   0.04447   0.01269   0.00883
    52/199       18G    0.0224  0.004464  0.001177   0.02804        28       640    0.8501    0.9339    0.9338     0.697   0.04544   0.01261  0.008577
    53/199       18G   0.02217  0.004593  0.001065   0.02782        33       640     0.849    0.9288    0.9145    0.6729   0.04474   0.01271  0.008684
    54/199       18G   0.02242  0.004592  0.001022   0.02803        28       640    0.8409    0.9198    0.9087     0.675   0.04455   0.01265  0.008953
    55/199       18G   0.02176  0.004596  0.001059   0.02742        23       640    0.8963    0.8673    0.9246    0.6845   0.04517   0.01221  0.008609
    56/199       18G   0.02152  0.004329  0.001107   0.02695        46       640    0.9039    0.9058     0.934    0.6838   0.04493   0.01263  0.008159
    57/199       18G   0.02167  0.004431  0.001087   0.02718        27       640    0.9122    0.8745    0.9188    0.6713   0.04459    0.0128  0.008477
    58/199       18G    0.0221  0.004469  0.001006   0.02757        37       640    0.8594    0.8983    0.9258     0.684   0.04361   0.01284  0.008404
    59/199       18G   0.02165   0.00443  0.001089   0.02717        28       640    0.8719    0.9062    0.9156    0.6841   0.04347   0.01275  0.009016
    60/199       18G    0.0218  0.004433  0.001138   0.02737        34       640    0.9067    0.8988      0.93    0.6851   0.04337   0.01299  0.008693
    61/199       18G   0.02162  0.004508  0.001188   0.02731        25       640    0.9147    0.8801     0.919    0.6838   0.04342   0.01272  0.008656
    62/199       18G   0.02164  0.004412  0.001043   0.02709        28       640    0.8934    0.9042    0.9177    0.6731   0.04444    0.0124  0.008661
    63/199       18G    0.0215  0.004358  0.001165   0.02703        29       640    0.8908    0.9007    0.9255    0.6661   0.04437   0.01282  0.008429
    64/199       18G   0.02119  0.004301 0.0009853   0.02647        35       640    0.9314    0.8277    0.9246    0.6829   0.04338   0.01259  0.008569
    65/199       18G   0.02098  0.004341 0.0009497   0.02627        51       640    0.9163     0.857    0.9129    0.6856   0.04218   0.01312   0.00883
    66/199       18G   0.02107  0.004405 0.0008052   0.02628        18       640    0.8878    0.9063    0.9327    0.6858   0.04426   0.01248  0.008601
    67/199       18G   0.02059  0.004474 0.0008337   0.02589        48       640    0.8678    0.9299    0.9176    0.6797   0.04565   0.01233  0.008968
    68/199       18G   0.02054  0.004363 0.0008535   0.02576        36       640    0.9014    0.8891    0.9236    0.6942    0.0449   0.01271  0.009221
    69/199       18G   0.02048  0.004248 0.0009572   0.02568        26       640    0.9035    0.8875    0.9104    0.6601   0.04364   0.01268  0.008387
    70/199       18G   0.02108  0.004325 0.0008559   0.02626        33       640    0.8599    0.9344     0.926     0.676   0.04262   0.01298  0.008402
    71/199       18G   0.02058  0.004208 0.0007943   0.02558        47       640    0.9087    0.9233     0.946    0.6941   0.04348   0.01293  0.008618
    72/199       18G   0.02049  0.004446  0.001012   0.02595        28       640    0.8684    0.9218    0.9366    0.6831   0.04512   0.01234  0.008584
    73/199       18G   0.02012  0.004124 0.0007281   0.02497        23       640    0.8874    0.9467    0.9476    0.7106   0.04453   0.01248  0.008196
    74/199       18G   0.02016  0.004172 0.0007555   0.02509        28       640    0.8367    0.9249    0.9174    0.6607   0.04326   0.01284  0.008314
    75/199       18G   0.02063  0.004233 0.0008531   0.02572        49       640     0.856    0.9246    0.9133    0.6714   0.04248   0.01316  0.008194
    76/199       18G   0.01998  0.004027 0.0008568   0.02486        26       640    0.9187    0.8722    0.9225    0.6833   0.04223   0.01336  0.008592
    77/199       18G   0.01995  0.004087 0.0008036   0.02484        29       640    0.8803    0.9309    0.9142    0.6863   0.04156   0.01327   0.00833
    78/199       18G   0.02051  0.004195 0.0009399   0.02564        46       640    0.9027    0.8854    0.9238      0.67   0.04187   0.01274  0.008771
    79/199       18G   0.01981   0.00419 0.0008326   0.02483        23       640    0.8839    0.9285    0.9303    0.6986   0.04257   0.01292  0.008239
    80/199       18G   0.02003  0.004138 0.0007303    0.0249        34       640    0.8988    0.9206    0.9184    0.6854   0.04313   0.01258  0.008051
    81/199       18G   0.01992  0.004049 0.0007376   0.02471        27       640    0.8917    0.8856    0.9253    0.6857   0.04263   0.01262  0.007884
    82/199       18G   0.01975  0.004063 0.0007463   0.02456        28       640    0.9025     0.905    0.9187    0.6956   0.04333   0.01261  0.008086
    83/199       18G   0.01945  0.004068 0.0008324   0.02435        27       640    0.8989    0.8998    0.9182    0.6876   0.04306   0.01283  0.008405
    84/199       18G   0.01931  0.004104 0.0008015   0.02421        47       640    0.8812    0.9223    0.9071    0.6775   0.04288   0.01272  0.008418
    85/199       18G   0.01974  0.004072 0.0006204   0.02443        22       640     0.926    0.9065    0.9419    0.6956   0.04284   0.01279  0.008256
    86/199       18G   0.01939  0.004184 0.0008813   0.02445        26       640    0.8766    0.9255    0.9298    0.6951   0.04371   0.01258  0.008941
    87/199       18G   0.01929  0.004144 0.0007677    0.0242        15       640    0.9028    0.8891    0.9307     0.676   0.04359   0.01268  0.008513
    88/199       18G   0.01938  0.004075 0.0006442   0.02409        36       640    0.8749    0.9344      0.93    0.6897    0.0428   0.01281  0.007798
    89/199       18G   0.01879  0.003902 0.0006672   0.02336        33       640    0.9224    0.8945    0.9325    0.6865   0.04413   0.01249  0.007643
    90/199       18G   0.01913  0.004129 0.0007431   0.02401        42       640    0.9076    0.9146    0.9451    0.7038   0.04447   0.01207  0.008429
    91/199       18G   0.01897  0.003979 0.0006421   0.02359        30       640    0.9158    0.9113    0.9511    0.7141   0.04351   0.01246  0.007479
    92/199       18G   0.01886  0.004064 0.0006148   0.02354        33       640    0.9094    0.9088    0.9338     0.693   0.04348   0.01241  0.007393
    93/199       18G   0.01925  0.004009 0.0008684   0.02413        38       640    0.8723    0.9389    0.9347    0.6968   0.04301   0.01265  0.007561
    94/199       18G   0.01916  0.004019 0.0008423   0.02402        34       640    0.9159     0.899    0.9394    0.6939     0.043   0.01273  0.007907
    95/199       18G   0.01878  0.003889 0.0005782   0.02324        22       640    0.9047    0.9245    0.9377    0.7012   0.04336   0.01276  0.007975
    96/199       18G   0.01894  0.004085 0.0007383   0.02376        26       640     0.899     0.914    0.9483    0.6975   0.04366   0.01289  0.008099
    97/199       18G   0.01835  0.003905  0.000609   0.02287        20       640    0.9139    0.9054    0.9456    0.6998   0.04312   0.01294  0.007769
    98/199       18G   0.01859  0.003923 0.0007016   0.02321        25       640    0.9148    0.9197    0.9452     0.725   0.04312   0.01265  0.007746
    99/199       18G   0.01859  0.003955 0.0007412   0.02328        41       640    0.9226    0.8874    0.9467    0.7005   0.04444   0.01259  0.007535
   100/199       18G   0.01866   0.00389 0.0006954   0.02325        27       640    0.9115    0.9501    0.9472    0.6881   0.04505   0.01283   0.00735
   101/199       18G   0.01875   0.00402 0.0006938   0.02347        24       640    0.9203    0.9088    0.9446    0.7111   0.04427   0.01264  0.007646
   102/199       18G   0.01864  0.003985 0.0006561   0.02328        24       640     0.926    0.9207    0.9497    0.7075   0.04456   0.01252  0.007589
   103/199       18G   0.01807  0.003684 0.0006655   0.02242         8       640    0.9289    0.9029    0.9376    0.7027   0.04298   0.01289   0.00807
   104/199       18G   0.01811  0.004019 0.0006116   0.02274        46       640    0.9063    0.9007    0.9303    0.6969   0.04282   0.01276  0.007875
   105/199       18G   0.01835   0.00389 0.0006131   0.02285        34       640    0.9316    0.8619    0.9283    0.6975   0.04326   0.01294  0.007985
   106/199       18G   0.01807  0.004014 0.0006704   0.02275        35       640    0.9343    0.8592    0.9259    0.6981   0.04323   0.01284  0.007831
   107/199       18G    0.0179  0.003759 0.0006966   0.02235        27       640    0.8723    0.9271    0.9232     0.697   0.04346   0.01288   0.00794
   108/199       18G   0.01798  0.003835 0.0005813    0.0224        26       640    0.9014    0.9374    0.9509    0.7093   0.04289   0.01304  0.007827
   109/199       18G    0.0177  0.003894 0.0005555   0.02215        33       640    0.8708    0.9238    0.9341    0.7032   0.04268   0.01251  0.007558
   110/199       18G    0.0175  0.003625  0.000537   0.02166        25       640    0.8811    0.9065    0.9305    0.6915   0.04292   0.01251  0.007705
   111/199       18G   0.01763  0.003797 0.0007824   0.02221        40       640    0.8959    0.9194    0.9224    0.6864    0.0435   0.01285  0.007919
   112/199       18G   0.01784  0.003677 0.0005105   0.02202        33       640    0.8943     0.941    0.9242    0.6887   0.04375   0.01269  0.007624
   113/199       18G   0.01747  0.003835 0.0006328   0.02194        43       640    0.9397     0.917    0.9475    0.7065   0.04341   0.01301  0.007766
   114/199       18G    0.0174  0.003728 0.0004968   0.02163        34       640    0.9232     0.939    0.9487    0.7093   0.04404   0.01274  0.007451
   115/199       18G   0.01738  0.003773  0.000563   0.02172        28       640    0.9115    0.9317    0.9493    0.7036   0.04436   0.01289  0.007519
   116/199       18G     0.017  0.003597 0.0005077    0.0211        22       640    0.9277    0.8979    0.9278    0.6886   0.04361   0.01288  0.007989
   117/199       18G   0.01704  0.003637 0.0005325    0.0212        30       640     0.904    0.9191    0.9224    0.6936   0.04297   0.01288  0.008089
   118/199       18G   0.01741   0.00369 0.0006381   0.02174        27       640    0.8979    0.9276    0.9223     0.693   0.04257   0.01296   0.00799
   119/199       18G   0.01723  0.003536 0.0006408    0.0214        47       640    0.9157    0.9054    0.9078    0.6935   0.04237   0.01322  0.008116
   120/199       18G   0.01706  0.003712 0.0005139   0.02129        23       640    0.9035    0.8933    0.9201     0.676   0.04399    0.0129  0.007848
   121/199       18G    0.0168  0.003635 0.0005355   0.02097        18       640    0.8703    0.9297    0.9295    0.6956    0.0439   0.01285  0.007787
   122/199       18G   0.01712  0.003666  0.000515    0.0213        27       640    0.9071    0.9055     0.939    0.6949   0.04298   0.01297  0.007544
   123/199       18G   0.01673  0.003615 0.0005033   0.02085        33       640    0.8891    0.9459    0.9475    0.7146   0.04212   0.01333  0.007755
   124/199       18G   0.01666  0.003758 0.0006252   0.02105        45       640    0.8979     0.924    0.9352    0.7012   0.04204   0.01323  0.008008
   125/199       18G    0.0165  0.003654 0.0006091   0.02077        29       640     0.912    0.9134    0.9303    0.6952   0.04216   0.01354  0.008027
   126/199       18G    0.0161  0.003623  0.000518   0.02024        48       640    0.9074      0.95     0.947    0.7047    0.0421   0.01352   0.00741
   127/199       18G   0.01662  0.003711 0.0006205   0.02095        28       640    0.9097    0.9367    0.9442    0.6973   0.04208   0.01331  0.007284
   128/199       18G   0.01634  0.003451 0.0004554   0.02024        29       640    0.9186    0.9194    0.9394    0.6949   0.04238   0.01323  0.007446
   129/199       18G   0.01636  0.003574 0.0004998   0.02043        35       640    0.8482    0.9255    0.9077    0.6757    0.0422   0.01314  0.007696
   130/199       18G   0.01637  0.003518 0.0005053   0.02039        34       640    0.8915    0.9345    0.9364    0.7016   0.04215   0.01333  0.007317
   131/199       18G   0.01619  0.003693 0.0005721   0.02046        30       640    0.8714    0.9346    0.9312    0.6891   0.04254   0.01333  0.007349
   132/199       18G   0.01581  0.003564 0.0004106   0.01979        36       640    0.9162    0.9347    0.9439    0.6975   0.04132   0.01336  0.007322
   133/199       18G   0.01606  0.003583 0.0004521    0.0201        24       640    0.8811    0.9504    0.9361    0.6848    0.0425   0.01373     0.007
   134/199       18G    0.0161  0.003568 0.0005001   0.02017        27       640    0.9083    0.9144     0.932    0.6789   0.04213   0.01383  0.006986
   135/199       18G   0.01583  0.003502 0.0005073   0.01984        23       640    0.8811    0.9485     0.939    0.6951   0.04197   0.01373  0.007006
   136/199       18G   0.01605  0.003549  0.000417   0.02001        34       640    0.8889    0.9525    0.9396    0.6986   0.04136   0.01355  0.006894
   137/199       18G   0.01526  0.003528 0.0004293   0.01921        54       640    0.9172    0.9171    0.9434    0.7026   0.04203   0.01354  0.006934
   138/199       18G   0.01585  0.003505 0.0005572   0.01991        40       640    0.8855     0.941    0.9298    0.6903   0.04176   0.01353  0.006839
   139/199       18G   0.01554  0.003465 0.0006191   0.01963        41       640     0.908    0.9305    0.9417    0.7022   0.04187   0.01368  0.006964
   140/199       18G   0.01581  0.003495 0.0005238   0.01982        33       640    0.8932    0.9435    0.9406    0.7063   0.04135   0.01338  0.006972
   141/199       18G   0.01577  0.003429 0.0004555   0.01965        20       640    0.8907    0.9473    0.9382    0.6979   0.04133   0.01366  0.006966
   142/199       18G   0.01543  0.003484 0.0005079   0.01942        27       640     0.917    0.9557    0.9469    0.7045    0.0413   0.01382  0.006742
   143/199       18G   0.01519    0.0035 0.0004438   0.01913        41       640    0.9169    0.9271    0.9418    0.6873   0.04121   0.01378  0.006788
   144/199       18G   0.01542  0.003517 0.0003859   0.01932        35       640    0.9146    0.9491    0.9508    0.6987   0.04125   0.01379  0.006846
   145/199       18G   0.01543  0.003315  0.000421   0.01916        44       640    0.9235    0.9412    0.9529    0.6924   0.04146   0.01356    0.0069
   146/199       18G   0.01533  0.003423 0.0003791   0.01913        28       640    0.8931     0.945    0.9522    0.6984   0.04123   0.01363  0.006817
   147/199       18G     0.015  0.003471 0.0004558   0.01893        20       640    0.9249    0.9476    0.9538    0.7018   0.04107   0.01379  0.006774
   148/199       18G   0.01507  0.003388 0.0003844   0.01885        40       640     0.922     0.947     0.953    0.7012   0.04133   0.01376  0.006635
   149/199       18G   0.01472  0.003316 0.0004636    0.0185        27       640    0.9382    0.9195    0.9532    0.7031   0.04068   0.01383  0.006558
   150/199       18G   0.01487  0.003551   0.00046   0.01888        21       640    0.9317    0.9402    0.9552    0.7087   0.04089     0.014    0.0067
   151/199       18G   0.01498  0.003393  0.000409   0.01878        36       640    0.9355    0.9358    0.9493    0.7012    0.0406   0.01415   0.00653
   152/199       18G   0.01484  0.003511 0.0004542   0.01881        32       640    0.9004    0.9211    0.9393    0.7015    0.0406   0.01396  0.006587
   153/199       18G   0.01444  0.003447  0.000372   0.01826        33       640    0.9068    0.9519    0.9508    0.7091   0.04041   0.01424  0.006445
   154/199       18G   0.01472  0.003252 0.0004288    0.0184        32       640    0.8988    0.9498    0.9489    0.7011   0.04075   0.01404  0.006542
   155/199       18G   0.01425   0.00331 0.0003897   0.01795        28       640     0.896    0.9469    0.9451    0.6963   0.04079   0.01419  0.006575
   156/199       18G   0.01462  0.003227 0.0003773   0.01823        35       640    0.9203    0.9088    0.9399    0.6893   0.04048   0.01406  0.006521
   157/199       18G   0.01472  0.003405 0.0003824   0.01851        38       640    0.9196    0.9158    0.9407     0.695   0.04055     0.014  0.006628
   158/199       18G   0.01477  0.003349 0.0004429   0.01856        38       640    0.8889    0.9346    0.9455    0.6981   0.04034   0.01425  0.006507
   159/199       18G   0.01463  0.003293 0.0004469   0.01837        25       640    0.9168    0.9003    0.9351    0.6857   0.04114   0.01404  0.006562
   160/199       18G   0.01458  0.003322 0.0003894   0.01829        40       640    0.9104    0.9001     0.934    0.6924   0.04049   0.01405  0.006437
   161/199       18G    0.0139  0.003237 0.0003783   0.01752        19       640    0.9181    0.9352    0.9496    0.7072   0.04025   0.01408  0.006325
   162/199       18G   0.01426   0.00328 0.0003895   0.01793        52       640     0.919    0.9285     0.949    0.6993   0.04055   0.01417  0.006336
   163/199       18G   0.01399  0.003238  0.000318   0.01754        21       640    0.9146    0.9242    0.9492    0.6996    0.0402   0.01416  0.006332
   164/199       18G   0.01402  0.003276 0.0003645   0.01766        28       640    0.9073    0.9532    0.9549    0.7042   0.04027   0.01413  0.006332
   165/199       18G    0.0145  0.003261 0.0003658   0.01812        28       640    0.9327    0.9394    0.9523    0.7012   0.04028   0.01421  0.006377
   166/199       18G   0.01392  0.003309 0.0003669   0.01759        29       640    0.9207    0.9565    0.9507    0.7031   0.04058   0.01422  0.006358
   167/199       18G   0.01378  0.003181 0.0004628   0.01742        35       640    0.8854    0.9591    0.9532    0.7091      0.04   0.01434  0.006243
   168/199       18G   0.01388  0.003285 0.0003356    0.0175        32       640    0.8894    0.9633    0.9528    0.7009   0.04013   0.01445  0.006366
   169/199       18G   0.01385  0.003279 0.0003175   0.01745        20       640    0.9126    0.9491    0.9512    0.7015   0.04056   0.01431  0.006264
   170/199       18G   0.01379  0.003231 0.0003789    0.0174        29       640    0.9271    0.9429    0.9563    0.6953   0.04043   0.01428  0.006349
   171/199       18G    0.0139  0.003152 0.0004443   0.01749        45       640    0.9109    0.9556    0.9542    0.6915   0.04044   0.01434   0.00634
   172/199       18G   0.01366  0.003053 0.0003222   0.01703        34       640    0.9063    0.9515     0.947    0.6927   0.04039   0.01428  0.006363
   173/199       18G   0.01366  0.003204 0.0003445    0.0172        33       640    0.9143      0.95    0.9541    0.7013   0.04043   0.01429  0.006291
   174/199       18G   0.01408  0.003344 0.0005219   0.01795        35       640    0.9155    0.9456    0.9554    0.6965   0.04042   0.01438  0.006288
   175/199       18G   0.01386  0.003112 0.0003663   0.01734        29       640    0.9113     0.957    0.9542    0.6965    0.0403   0.01437  0.006277
   176/199       18G   0.01349  0.003264 0.0003655   0.01712        28       640    0.9129    0.9282    0.9515    0.6945   0.04014   0.01427  0.006289
   177/199       18G   0.01354  0.003189 0.0003713    0.0171        19       640    0.9135    0.9193    0.9461     0.694   0.04021   0.01425  0.006243
   178/199       18G   0.01325  0.003172 0.0004244   0.01685        29       640    0.8989     0.929     0.945    0.6928   0.04025   0.01426  0.006118
   179/199       18G   0.01387  0.003035 0.0003722   0.01728        23       640    0.8597    0.9522     0.938    0.6872   0.04055   0.01414  0.006073
   180/199       18G   0.01377  0.003219 0.0004916   0.01749        40       640    0.9025    0.9568    0.9559    0.7041   0.03996   0.01446  0.005901
   181/199       18G   0.01338  0.003058 0.0003473   0.01678        23       640    0.9128     0.949    0.9529    0.6973   0.03993    0.0144  0.005953
   182/199       18G   0.01363  0.003298 0.0004076   0.01734        33       640    0.9218    0.9232    0.9487    0.6917   0.04015    0.0146  0.005946
   183/199       18G   0.01328  0.003198 0.0004084   0.01688        22       640    0.9134    0.9218    0.9373     0.685   0.04023   0.01454  0.005907
   184/199       18G    0.0135  0.003105 0.0003738   0.01698        33       640    0.8904    0.9519    0.9478    0.7015   0.03992   0.01453  0.005827
   185/199       18G    0.0137   0.00323 0.0004217   0.01736        43       640    0.8638    0.9391    0.9412    0.6953   0.04034   0.01455  0.005911
   186/199       18G   0.01336   0.00309 0.0004031   0.01686        40       640    0.8949     0.926    0.9454    0.6944   0.04042   0.01469  0.005888
   187/199       18G   0.01294   0.00302 0.0003473   0.01631        16       640    0.8935    0.9517    0.9504    0.7051   0.04018   0.01473  0.005877
   188/199       18G    0.0134  0.003179 0.0003324   0.01691        41       640    0.8932    0.9532    0.9476    0.7023   0.04059   0.01466  0.005878
   189/199       18G   0.01326  0.003178  0.000391   0.01683        32       640    0.8622    0.9575    0.9343    0.6913   0.04064   0.01476  0.005873
   190/199       18G   0.01315   0.00302 0.0003292    0.0165        21       640    0.8706    0.9603      0.94    0.6965   0.04055   0.01495  0.005837
   191/199       18G   0.01352  0.003067 0.0003384   0.01693        29       640    0.9087     0.924    0.9387    0.6933   0.04004   0.01496  0.005834
   192/199       18G   0.01334  0.003047 0.0003308   0.01672        16       640    0.9152    0.9514    0.9501    0.7012   0.03992   0.01479  0.005722
   193/199       18G   0.01324  0.003194  0.000391   0.01682        15       640    0.8795    0.9553    0.9378    0.6931   0.04002   0.01464  0.005799
   194/199       18G   0.01318  0.003178 0.0003846   0.01674        25       640    0.9163    0.9216    0.9441    0.6951   0.04005   0.01476  0.005815
   195/199       18G   0.01319   0.00305 0.0003728   0.01662        26       640    0.8714    0.9599    0.9416    0.6965   0.04004   0.01462  0.005826
   196/199       18G   0.01343  0.003121 0.0003839   0.01693        24       640    0.9138    0.9483    0.9536    0.7083   0.03999   0.01475  0.005784
   197/199       18G   0.01321  0.003153 0.0003263   0.01669        42       640    0.8789    0.9347    0.9411    0.6978   0.03987   0.01464  0.005873
   198/199       18G   0.01321  0.003113 0.0003569   0.01668        23       640    0.8809    0.9278    0.9349    0.6915   0.03988   0.01479  0.005898
   199/199       18G   0.01287  0.003045 0.0003857    0.0163        18       640    0.8748    0.9314    0.9307    0.6856   0.03979     0.015  0.005893
