      0/99      2.5G   0.06134   0.01191   0.02762    0.1009         1       640    0.2023   0.08259   0.06564   0.02145   0.09409   0.01497   0.03114
      1/99     2.56G   0.05133  0.007862   0.02246   0.08165         6       640    0.6618    0.1418    0.1174   0.03298   0.09534   0.01357   0.02762
      2/99     2.56G   0.05013  0.006753   0.01752    0.0744         1       640    0.6266    0.4254    0.4193    0.1394   0.08909   0.01236   0.02487
      3/99     2.56G   0.04417  0.006397   0.01351   0.06407         6       640    0.5955    0.5883    0.5701    0.2757   0.09414  0.009264    0.0218
      4/99     2.56G   0.03591  0.005434  0.008586   0.04993         3       640    0.7879    0.6936    0.7235    0.4304   0.09037  0.008765   0.01877
      5/99     2.56G   0.03366  0.005178  0.007004   0.04584         2       640    0.7756    0.6406    0.7111    0.4204   0.08917  0.008917   0.01929
      6/99     2.56G   0.03048  0.004821  0.006201    0.0415         1       640    0.8116     0.749    0.7514    0.4661   0.09055  0.008071   0.01821
      7/99     2.56G   0.02998   0.00471  0.004923   0.03962         2       640    0.8201    0.7527     0.786    0.5142   0.08894  0.008045   0.01731
      8/99     2.56G   0.02944  0.004987  0.005055   0.03948         5       640    0.8232    0.7516    0.7807     0.499   0.08607  0.009397   0.01679
      9/99     2.56G   0.02928  0.005075  0.005295   0.03965         4       640    0.8478    0.7253    0.7885    0.5056   0.08263  0.009857   0.01602
     10/99     2.56G   0.02822  0.004935  0.004162   0.03732         2       640    0.8896    0.7525    0.8101    0.5352   0.08233   0.00905   0.01571
     11/99     2.56G   0.02682  0.004639  0.004036   0.03549         0       640    0.8962    0.7718    0.8034    0.5159   0.07994  0.009059   0.01489
     12/99     2.56G   0.02737  0.004591  0.004069   0.03603         1       640    0.8941    0.7606    0.8109    0.5303   0.08062  0.008684   0.01476
     13/99     2.56G   0.02639   0.00466  0.003614   0.03466         3       640    0.8632    0.7832    0.8516    0.5789   0.07822  0.008843    0.0146
     14/99     2.56G   0.02699  0.004735  0.003945   0.03567         4       640    0.9096    0.7482    0.8134    0.5575   0.07565  0.009243   0.01439
     15/99     2.56G   0.02567  0.004693  0.003575   0.03394         1       640    0.8691    0.7857    0.8188    0.5612   0.07396   0.00952   0.01404
     16/99     2.56G   0.02509  0.004548   0.00358   0.03322         1       640    0.8984    0.7759    0.8183    0.5679   0.07236  0.009608   0.01335
     17/99     2.56G   0.02492  0.004489  0.003365   0.03278         2       640    0.8784    0.7819    0.8457    0.5845   0.07301  0.009836   0.01322
     18/99     2.56G   0.02462   0.00438  0.002963   0.03196         3       640    0.8848    0.7737    0.8088    0.5688   0.07227   0.01023   0.01306
     19/99     2.56G   0.02449   0.00447  0.002914   0.03187         4       640     0.917    0.7763    0.8139    0.5597   0.07363  0.009637   0.01331
     20/99     2.56G   0.02362  0.004309  0.002772    0.0307         2       640    0.9244    0.7598    0.8177    0.5855    0.0734  0.009469   0.01239
     21/99     2.56G   0.02412  0.004348  0.002532     0.031         1       640    0.8945    0.7905    0.8119    0.5747    0.0728  0.009578   0.01202
     22/99     2.56G   0.02338  0.004204  0.002219   0.02981         4       640    0.9091    0.7478    0.8597    0.6012    0.0723  0.009705   0.01233
     23/99     2.56G   0.02284  0.004311  0.002242   0.02939         2       640    0.8975    0.7887    0.8443    0.6013   0.07291  0.009621   0.01232
     24/99     2.56G   0.02332  0.004281  0.002538   0.03014         5       640    0.9041    0.8138    0.8624    0.6088    0.0716  0.009937   0.01226
     25/99     2.56G   0.02352  0.004348  0.002508   0.03038         1       640     0.876    0.8371    0.8483    0.6149   0.07211  0.009534   0.01227
     26/99     2.56G   0.02329   0.00421  0.002185   0.02968         1       640    0.9102    0.8142    0.8564    0.6158    0.0713  0.009637    0.0122
     27/99     2.56G   0.02256  0.003927  0.001948   0.02844         1       640    0.8524     0.846    0.8973    0.6277   0.07228  0.009501   0.01182
     28/99     2.56G   0.02339  0.004038  0.002157   0.02958         4       640    0.8807    0.8342    0.8821     0.634   0.07345  0.008933    0.0114
     29/99     2.56G   0.02289  0.003984  0.002089   0.02896         1       640    0.7546    0.9125    0.9106    0.6265   0.07242  0.009186    0.0115
     30/99     2.56G   0.02275  0.004169  0.001795   0.02871         1       640    0.8767    0.8703    0.8979     0.618    0.0725   0.00906    0.0111
     31/99     2.56G   0.02257    0.0041  0.001748   0.02842         2       640    0.7977    0.8927    0.8701    0.6173   0.07235  0.008735   0.01108
     32/99     2.56G   0.02218  0.004191  0.001747   0.02812         4       640    0.8003    0.9152    0.8785    0.6254    0.0715  0.009218   0.01145
     33/99     2.56G   0.02197   0.00403  0.001524   0.02753         1       640    0.8859    0.8865    0.9155    0.6695   0.06941  0.009571   0.01088
     34/99     2.56G   0.02113  0.003973  0.001301    0.0264         4       640    0.7738    0.9488    0.9218    0.6708   0.06781  0.009844    0.0108
     35/99     2.56G   0.02112  0.003896  0.001396   0.02642         2       640    0.8043    0.8996    0.8955    0.6353   0.06893  0.009609   0.01058
     36/99     2.56G   0.02189  0.003937  0.001387   0.02722         7       640    0.8282    0.8709    0.9007    0.6491   0.06949  0.009384   0.01116
     37/99     2.56G   0.02135  0.003846  0.001451   0.02665         1       640    0.8349    0.9156    0.9113    0.6745   0.07088   0.00917   0.01101
     38/99     2.56G   0.02203  0.003997  0.001282    0.0273         0       640    0.8193    0.9216    0.9189    0.6762   0.07029  0.009373   0.01071
     39/99     2.56G   0.02045  0.003975  0.001435   0.02586         3       640    0.8954    0.8968    0.9307    0.6715   0.06741  0.009723   0.01087
     40/99     2.56G   0.02083  0.003892  0.001355   0.02607         8       640    0.8664    0.8727       0.9    0.6621     0.068  0.009509   0.01069
     41/99     2.56G   0.02104  0.003874  0.001127   0.02604         1       640    0.8641    0.9183    0.9143     0.659   0.06908   0.00957   0.01035
     42/99     2.56G   0.02093  0.003853  0.001364   0.02614         2       640    0.8398    0.9056     0.901      0.65   0.06859  0.009357    0.0103
     43/99     2.56G   0.02069  0.003832  0.001164   0.02569         2       640    0.9337    0.8604    0.9139    0.6673    0.0689  0.009338   0.01029
     44/99     2.56G    0.0204  0.003762  0.001382   0.02555         1       640    0.8962    0.8787    0.8978    0.6565   0.06992   0.00923   0.01047
     45/99     2.56G   0.01964  0.003584  0.001048   0.02427         2       640    0.8706    0.9203    0.9066    0.6611   0.07043  0.008878   0.01051
     46/99     2.56G   0.01992  0.003699  0.000951   0.02457         2       640     0.869    0.9107    0.8981    0.6604   0.06882  0.009268   0.01004
     47/99     2.56G    0.0198  0.003812  0.001051   0.02466         1       640    0.8896    0.8932    0.8993    0.6568   0.06746  0.009713   0.01037
     48/99     2.56G    0.0201  0.003857  0.001573   0.02553         4       640    0.8102    0.9059    0.8907    0.6478   0.06683   0.01037   0.01053
     49/99     2.56G   0.01985  0.003876  0.001179   0.02491         2       640    0.9239     0.865    0.9222    0.6678   0.06503   0.01052   0.01005
     50/99     2.56G   0.01997  0.003723  0.001055   0.02475         3       640    0.8971    0.9133    0.9365    0.6756   0.06243   0.01102  0.009794
     51/99     2.56G   0.02004  0.003812  0.001065   0.02492         4       640    0.9033    0.9212    0.9327    0.6824   0.06207   0.01099  0.009645
     52/99     2.56G   0.01937  0.003725 0.0009741   0.02407         1       640    0.8764    0.9573    0.9394    0.6855   0.06137   0.01117  0.009521
     53/99     2.56G   0.01913  0.003514 0.0009682   0.02362         2       640    0.9198    0.8976    0.9429    0.6916   0.06305   0.01078  0.009775
     54/99     2.56G   0.01935  0.003584 0.0008642    0.0238         1       640    0.9299    0.9347    0.9368    0.7037   0.06262   0.01081  0.009697
     55/99     2.56G   0.01864  0.003772  0.001008   0.02342         6       640    0.9283    0.9241    0.9368    0.6807   0.06297    0.0107  0.009882
     56/99     2.56G   0.01955  0.003651 0.0008973    0.0241         5       640    0.9153     0.873    0.9097      0.68   0.06188   0.01103  0.009844
     57/99     2.56G   0.01871  0.003654  0.001016   0.02338         1       640    0.8954     0.914    0.9278    0.6957   0.05896   0.01184   0.01014
     58/99     2.56G     0.019  0.003762  0.001035   0.02379         4       640    0.8829     0.921    0.9267    0.6835   0.05711   0.01202  0.009781
     59/99     2.56G   0.01925  0.003754 0.0009134   0.02392         2       640    0.8994    0.9247    0.9312    0.6974    0.0562   0.01198  0.009383
     60/99     2.56G    0.0185  0.003897  0.000989   0.02339         1       640    0.9041    0.9312    0.9299    0.7012   0.05369   0.01243  0.009374
     61/99     2.56G   0.01926  0.003715  0.001001   0.02398         2       640    0.9098    0.8862    0.9027    0.6738    0.0539   0.01252  0.009273
     62/99     2.56G   0.01862  0.003578 0.0008415   0.02304         0       640    0.9319    0.9036     0.921     0.698    0.0584   0.01152  0.009209
     63/99     2.56G   0.01854  0.003644 0.0009354   0.02312         2       640    0.9294    0.8863     0.934    0.6936   0.05831   0.01146  0.009345
     64/99     2.56G   0.01872  0.003609 0.0008832   0.02321         1       640    0.8673    0.9082    0.9103    0.6808   0.05723   0.01161  0.009111
     65/99     2.56G    0.0186  0.003753 0.0009562   0.02331         4       640    0.8663    0.9256    0.9189    0.6967   0.05708   0.01144  0.008643
     66/99     2.56G    0.0182  0.003566  0.001065   0.02283         3       640    0.8921    0.9345    0.9333    0.6981    0.0555   0.01168  0.008566
     67/99     2.56G   0.01783  0.003594 0.0008466   0.02227         5       640    0.9194     0.919    0.9302     0.695   0.05543   0.01188   0.00868
     68/99     2.56G   0.01802  0.003522 0.0009211   0.02246         2       640    0.9021    0.9322    0.9359    0.7026   0.05477   0.01181   0.00858
     69/99     2.56G   0.01771  0.003713 0.0008168   0.02224         4       640    0.9087    0.9026    0.9215    0.7033   0.05504   0.01182  0.008584
     70/99     2.56G   0.01808  0.003619 0.0009264   0.02263         2       640    0.9085    0.9523     0.937    0.7119   0.05335   0.01213  0.008425
     71/99     2.56G   0.01714  0.003648 0.0009411   0.02173         1       640    0.9135    0.9118    0.9356    0.7035   0.05445   0.01176  0.008495
     72/99     2.56G   0.01701  0.003533 0.0006835   0.02122         1       640      0.89    0.9426     0.935    0.7087   0.05526   0.01158  0.008441
     73/99     2.56G   0.01709  0.003678 0.0009745   0.02174         5       640    0.9247    0.9139    0.9335     0.698   0.05356   0.01198  0.008546
     74/99     2.56G   0.01846  0.003817 0.0009055   0.02318         5       640    0.9156    0.9218    0.9296    0.6961   0.05436   0.01182  0.008288
     75/99     2.56G   0.01739   0.00368 0.0007798   0.02185         6       640    0.9115    0.9056    0.9194    0.6879   0.05269   0.01219  0.008336
     76/99     2.56G   0.01766  0.003804  0.001127   0.02259         2       640    0.8967    0.9353    0.9257    0.7019   0.05188   0.01226   0.00846
     77/99     2.56G   0.01746    0.0037 0.0008374     0.022         1       640    0.8936    0.9293    0.9269    0.6953   0.05225   0.01205  0.008361
     78/99     2.56G   0.01708  0.003591 0.0007873   0.02146         5       640    0.8898    0.9226    0.9178    0.6891   0.05182   0.01206   0.00818
     79/99     2.56G   0.01687  0.003607 0.0006249    0.0211         5       640    0.9013    0.8975    0.9143    0.6835   0.05161   0.01209  0.008245
     80/99     2.56G   0.01647   0.00356 0.0007407   0.02077         1       640    0.9047    0.9006    0.9111    0.6853   0.05043   0.01224  0.008235
     81/99     2.56G   0.01704  0.003676 0.0009522   0.02167         3       640    0.9049    0.8916    0.9166    0.6981   0.05067   0.01229  0.008156
     82/99     2.56G   0.01671  0.003572 0.0006311   0.02092         6       640    0.9182    0.8872    0.9152     0.692   0.05051   0.01231  0.008033
     83/99     2.56G   0.01679  0.003644 0.0007673    0.0212         1       640    0.8844    0.9232    0.9174    0.6929   0.04927    0.0125  0.008025
     84/99     2.56G   0.01631  0.003637   0.00069   0.02064         1       640     0.914    0.9057    0.9213    0.6955   0.04908   0.01234  0.007847
     85/99     2.56G   0.01627  0.003559 0.0007743    0.0206         3       640    0.9267    0.8798    0.9166    0.6893   0.04883   0.01238  0.007888
     86/99     2.56G   0.01589  0.003576 0.0007425   0.02021         1       640    0.8736    0.9289    0.9202     0.688   0.04885    0.0124  0.007853
     87/99     2.56G   0.01681  0.003649 0.0007735   0.02123         4       640     0.906    0.9207    0.9237     0.702   0.04839   0.01235  0.007593
     88/99     2.56G    0.0159  0.003523 0.0005653   0.01998         5       640    0.9075    0.9036    0.9225    0.6947   0.04824   0.01248  0.007574
     89/99     2.56G    0.0159  0.003522 0.0006524   0.02007         6       640     0.909    0.9182    0.9285    0.6976   0.04791   0.01247  0.007716
     90/99     2.56G   0.01614  0.003602 0.0006658    0.0204         3       640    0.9134    0.9115    0.9185    0.6857   0.04729   0.01273  0.007549
     91/99     2.56G   0.01638  0.003453 0.0005609   0.02039         1       640    0.8783    0.9218    0.9068    0.6832   0.04671   0.01279  0.007746
     92/99     2.56G   0.01612  0.003489 0.0005691   0.02017         3       640    0.9027    0.9225    0.9167     0.686   0.04687    0.0129  0.007781
     93/99     2.56G    0.0161  0.003566 0.0005896   0.02026         2       640    0.9098     0.924    0.9208    0.6917   0.04677    0.0128  0.007999
     94/99     2.56G   0.01503  0.003479 0.0006679   0.01918         2       640     0.903    0.9258    0.9216    0.6972   0.04649   0.01281  0.007853
     95/99     2.56G   0.01584  0.003504 0.0007035   0.02005         3       640    0.9057    0.9218    0.9156    0.6931   0.04586   0.01296  0.007746
     96/99     2.56G   0.01608  0.003464 0.0006781   0.02022         1       640     0.913    0.9117    0.9104    0.6855   0.04614     0.013  0.007681
     97/99     2.56G   0.01621  0.003448 0.0007867   0.02045         2       640    0.9039    0.9218    0.9176     0.694   0.04589   0.01294  0.007676
     98/99     2.56G   0.01627  0.003556 0.0005615   0.02038         1       640    0.9188    0.9097    0.9178    0.6982   0.04582   0.01282  0.007763
     99/99     2.56G    0.0157  0.003414  0.000574   0.01969         1       640    0.9046    0.9155     0.911    0.6885   0.04569   0.01289  0.007815
